keys/80_1024_1_5_3 5 13 22613 2893
keys/80_1024_1_6_4 14 13 24416 3779
keys/80_1024_1_3_3 NA 19 18493 2880
keys/80_1024_1_3_4 NA 22 23930 3735
keys/80_1024_1_3_6 8 16 35600 5067
keys/80_1024_1_3_5 5 1 29249 4298
keys/80_1024_1_3_7 11 1 41063 5888
keys/80_1024_1_3_8 14 1 47811 6607
keys/80_1024_1_3_9 17 8 53402 7452
keys/80_1024_1_4_3 NA 12 18124 2896
keys/80_1024_1_4_4 6 13 23787 3692
keys/80_1024_1_4_5 10 7 29788 4480
keys/80_1024_1_4_6 14 12 35792 5228
keys/80_1024_1_4_7 18 21 43339 5954
keys/80_1024_1_4_8 22 24 49666 6911
keys/80_1024_1_4_9 24 22 55366 7266
keys/80_1024_1_5_4 10 15 23553 3667
keys/80_1024_1_5_5 15 23 29829 4366
keys/80_1024_1_5_6 20 19 35951 5130
keys/80_1024_1_5_7 23 17 52482 5836
keys/80_1024_1_5_8 23 14 48728 6688
keys/80_1024_1_5_9 23 29 56354 7732
keys/80_1024_1_6_3 8 8 17955 2867
keys/80_1024_1_6_5 20 8 30720 4570
keys/80_1024_1_6_6 22 46 46490 5171
keys/80_1024_1_6_7 22 17 42565 5855
keys/80_1024_1_6_8 22 18 62395 6922
keys/80_1024_1_6_9 22 10 62289 7372
keys/80_1024_1_7_3 11 19 19566 3023
keys/80_1024_1_7_4 18 8 24058 3722
keys/80_1024_1_7_5 21 13 30754 4410
keys/80_1024_1_7_6 21 18 38037 5344
keys/80_1024_1_7_7 21 7 44924 5925
keys/80_1024_1_7_8 21 10 48916 6473
keys/80_1024_1_7_9 21 6 58598 7680
keys/80_1024_1_3_3 NA 9 18583 3059
keys/80_1024_1_3_4 NA 22 24239 3893
keys/80_1024_1_3_5 5 21 30140 4422
keys/80_1024_1_3_6 8 9 35663 5210
keys/80_1024_1_3_7 11 20 41745 5908
keys/80_1024_1_3_8 14 15 47617 6529
keys/80_1024_1_3_9 17 11 52729 7245
keys/80_1024_1_4_3 NA 7 18813 3073
keys/80_1024_1_4_4 6 11 23975 3620
keys/80_1024_1_4_5 10 11 29064 4382
keys/80_1024_1_4_6 14 22 36623 5127
keys/80_1024_1_4_7 18 10 43575 6180
keys/80_1024_1_4_8 22 7 49077 6745
keys/std62_2048_1_5_3 4 12 76002 11731
keys/std62_2048_1_3_3 NA 27 72943 11711
keys/std62_2048_1_3_4 NA 26 100701 14561
keys/std62_2048_1_3_5 4 17 122046 17618
keys/std62_2048_1_3_6 7 11 146016 20674
keys/std62_2048_1_3_7 10 6 170896 23299
keys/std62_2048_1_3_8 13 17 194892 26180
keys/std62_2048_1_4_3 NA 22 73833 11882
keys/std62_2048_1_4_4 5 18 95343 14625
keys/std62_2048_1_4_5 9 20 122262 17521
keys/std62_2048_1_4_6 13 7 149384 20618
keys/std62_2048_1_4_7 17 19 170654 23501
keys/std62_2048_1_4_8 21 19 194329 26518
keys/std62_2048_1_5_4 9 18 97440 15024
keys/std62_2048_1_5_5 14 19 127796 17662
keys/std62_2048_1_5_6 19 17 157157 20221
keys/std62_2048_1_5_7 24 17 168528 23360
keys/std62_2048_1_5_8 29 14 194893 26133
keys/std62_2048_1_6_3 7 8 73477 11981
keys/std62_2048_1_6_4 13 20 94486 14238
keys/std62_2048_1_6_5 19 11 120995 17513
keys/std62_2048_1_6_6 25 31 157388 20395
keys/std62_2048_1_6_7 31 11 176692 23418
keys/std62_2048_1_6_8 37 17 212077 26635
keys/std62_2048_1_3_9 16 25 223902 29412
keys/std62_2048_1_4_9 25 24 246850 31439
keys/std62_2048_1_5_9 34 23 225684 29913
keys/std62_2048_1_6_9 42 12 226343 30917
keys/std62_2048_1_7_3 10 38 73531 11896
keys/std62_2048_1_7_4 17 9 95885 15090
keys/std62_2048_1_7_5 24 26 137255 18196
keys/std62_2048_1_7_6 31 26 148962 21296
keys/std62_2048_1_7_7 38 36 180186 24312
keys/std62_2048_1_7_8 42 13 205082 26464
keys/std62_2048_1_7_9 42 8 224132 30159
