80_1024_1_6_4 CGM_p77_24h_2_3_400 8 0 27150 7 7
80_1024_1_6_4 CGM_p77_24h_2_3_400 8 1 11648 10 10
80_1024_1_6_4 CGM_p77_24h_2_3_400 8 2 11394 13 13
80_1024_1_6_4 CGM_p77_24h_2_3_400 8 3 11516 16 16
80_1024_1_6_4 CGM_p77_24h_2_3_400 8 4 11772 19 19
80_1024_1_6_4 CGM_p77_24h_2_3_400 8 5 11425 22 22
80_1024_1_6_4 CGM_p77_24h_2_3_400 8 6 11624 25 25
80_1024_1_6_4 CGM_p77_24h_2_3_400 8 7 11770 28 28
80_1024_1_6_4 CGM_p77_24h_2_3_400 8 8 11712 31 31
80_1024_1_6_4 CGM_p77_24h_2_3_400 8 9 11606 34 34
80_1024_1_6_4 CGM_p77_24h_2_3_400 8 10 11432 37 37
80_1024_1_6_4 CGM_p77_24h_2_3_400 8 11 11454 40 40
80_1024_1_6_4 CGM_p77_24h_2_3_400 8 12 11715 43 43
80_1024_1_6_4 CGM_p77_24h_2_3_400 8 13 11591 46 46
80_1024_1_6_4 CGM_p77_24h_2_3_400 8 14 11389 49 49
80_1024_1_6_4 CGM_p77_24h_2_3_400 8 15 11518 52 52
80_1024_1_6_4 CGM_p77_24h_2_3_400 8 16 11404 55 55
80_1024_1_6_4 CGM_p77_24h_2_3_400 8 17 11143 58 58
80_1024_1_6_4 CGM_p77_24h_2_3_400 8 18 11266 61 61
80_1024_1_6_4 CGM_p77_24h_2_3_400 8 19 11210 64 64
80_1024_1_6_4 CGM_p77_24h_2_3_400 8 20 11067 67 67
80_1024_1_6_4 CGM_p77_24h_2_3_400 8 21 11153 70 70
80_1024_1_6_4 CGM_p77_24h_2_3_400 8 22 11254 73 73
80_1024_1_6_4 CGM_p77_24h_2_3_400 8 23 11163 76 76
80_1024_1_6_4 CGM_p77_24h_2_3_400 8 24 11303 79 79
80_1024_1_6_4 CGM_p77_24h_2_3_400 8 25 11348 82 82
80_1024_1_6_4 CGM_p77_24h_2_3_400 8 26 11227 85 85
80_1024_1_6_4 CGM_p77_24h_2_3_400 8 27 11195 88 88
80_1024_1_6_4 CGM_p77_24h_2_3_400 8 28 11227 91 91
80_1024_1_6_4 CGM_p77_24h_2_3_400 8 29 11241 94 94
80_1024_1_6_4 CGM_p77_24h_2_3_400 8 30 11179 97 97
80_1024_1_6_4 CGM_p77_24h_2_3_400 8 31 11095 100 100
80_1024_1_6_4 CGM_p77_24h_2_3_400 8 32 11085 103 103
80_1024_1_6_4 CGM_p77_24h_2_3_400 8 33 11244 106 106
80_1024_1_6_4 CGM_p77_24h_2_3_400 8 34 11145 109 109
80_1024_1_6_4 CGM_p77_24h_2_3_400 8 35 11137 112 112
80_1024_1_6_4 CGM_p77_24h_2_3_400 8 36 11094 115 115
80_1024_1_6_4 CGM_p77_24h_2_3_400 8 37 11280 118 118
80_1024_1_6_4 CGM_p77_24h_2_3_400 8 38 11198 121 121
80_1024_1_6_4 CGM_p77_24h_2_3_400 8 39 11004 124 124
80_1024_1_6_4 CGM_p77_24h_2_3_400 8 40 11046 127 127
80_1024_1_6_4 CGM_p77_24h_2_3_400 8 41 11045 130 130
80_1024_1_6_4 CGM_p77_24h_2_3_400 8 42 11214 133 133
80_1024_1_6_4 CGM_p77_24h_2_3_400 8 43 11217 136 136
80_1024_1_6_4 CGM_p77_24h_2_3_400 8 44 11260 139 139
80_1024_1_6_4 CGM_p77_24h_2_3_400 8 45 11036 142 142
80_1024_1_6_4 CGM_p77_24h_2_3_400 8 46 11098 145 145
80_1024_1_6_4 CGM_p77_24h_2_3_400 8 47 10990 148 148
80_1024_1_6_4 CGM_p77_24h_2_3_400 8 48 11104 151 151
80_1024_1_6_4 CGM_p77_24h_2_3_400 8 49 11123 154 154
80_1024_1_6_4 CGM_p77_24h_2_3_400 8 50 11074 157 157
80_1024_1_6_4 CGM_p77_24h_2_3_400 8 51 11028 160 160
80_1024_1_6_4 CGM_p77_24h_2_3_400 8 52 11265 163 163
80_1024_1_6_4 CGM_p77_24h_2_3_400 8 53 11281 166 166
80_1024_1_6_4 CGM_p77_24h_2_3_400 8 54 11310 169 169
80_1024_1_6_4 CGM_p77_24h_2_3_400 8 55 11239 172 172
80_1024_1_6_4 CGM_p77_24h_2_3_400 8 56 11215 175 175
80_1024_1_6_4 CGM_p77_24h_2_3_400 8 57 11219 178 178
80_1024_1_6_4 CGM_p77_24h_2_3_400 8 58 11129 181 181
80_1024_1_6_4 CGM_p77_24h_2_3_400 8 59 11205 184 184
80_1024_1_6_4 CGM_p77_24h_2_3_400 8 60 11208 187 187
80_1024_1_6_4 CGM_p77_24h_2_3_400 8 61 11168 190 190
80_1024_1_6_4 CGM_p77_24h_2_3_400 8 62 11245 193 193
80_1024_1_6_4 CGM_p77_24h_2_3_400 8 63 11286 196 196
80_1024_1_6_4 CGM_p77_24h_2_3_400 8 64 11234 199 199
80_1024_1_6_4 CGM_p77_24h_2_3_400 8 65 11254 202 202
80_1024_1_6_4 CGM_p77_24h_2_3_400 8 66 11264 205 205
80_1024_1_6_4 CGM_p77_24h_2_3_400 8 67 11133 208 208
80_1024_1_6_4 CGM_p77_24h_2_3_400 8 68 11199 211 211
80_1024_1_6_4 CGM_p77_24h_2_3_400 8 69 11210 214 214
80_1024_1_6_4 CGM_p77_24h_2_3_400 8 70 11299 217 217
80_1024_1_6_4 CGM_p77_24h_2_3_400 8 71 11151 220 220
80_1024_1_6_4 CGM_p77_24h_2_3_400 8 72 11100 223 223
80_1024_1_6_4 CGM_p77_24h_2_3_400 8 73 11182 226 226
80_1024_1_6_4 CGM_p77_24h_2_3_400 8 74 11177 229 229
80_1024_1_6_4 CGM_p77_24h_2_3_400 8 75 11189 232 232
80_1024_1_6_4 CGM_p77_24h_2_3_400 8 76 11203 235 235
80_1024_1_6_4 CGM_p77_24h_2_3_400 8 77 11169 238 238
80_1024_1_6_4 CGM_p77_24h_2_3_400 8 78 11213 241 241
80_1024_1_6_4 CGM_p77_24h_2_3_400 8 79 11155 244 244
80_1024_1_6_4 CGM_p77_24h_2_3_400 8 80 11278 247 247
80_1024_1_6_4 CGM_p77_24h_2_3_400 8 81 11229 250 250
80_1024_1_6_4 CGM_p77_24h_2_3_400 8 82 11268 253 253
80_1024_1_6_4 CGM_p77_24h_2_3_400 8 83 11099 256 256
80_1024_1_6_4 CGM_p77_24h_2_3_400 8 84 11188 259 259
80_1024_1_6_4 CGM_p77_24h_2_3_400 8 85 11167 262 262
80_1024_1_6_4 CGM_p77_24h_2_3_400 8 86 11155 265 265
80_1024_1_6_4 CGM_p77_24h_2_3_400 8 87 11003 268 268
80_1024_1_6_4 CGM_p77_24h_2_3_400 8 88 11145 271 271
80_1024_1_6_4 CGM_p77_24h_2_3_400 8 89 11131 274 274
80_1024_1_6_4 CGM_p77_24h_2_3_400 8 90 10994 277 277
80_1024_1_6_4 CGM_p77_24h_2_3_400 8 91 11186 280 280
80_1024_1_6_4 CGM_p77_24h_2_3_400 8 92 11105 283 283
80_1024_1_6_4 CGM_p77_24h_2_3_400 8 93 11024 286 286
80_1024_1_6_4 CGM_p77_24h_2_3_400 8 94 11110 289 289
80_1024_1_6_4 CGM_p77_24h_2_3_400 8 95 11173 292 292
80_1024_1_6_4 CGM_p77_24h_2_3_400 8 96 11216 295 295
80_1024_1_6_4 CGM_p77_24h_2_3_400 8 97 11219 298 298
80_1024_1_6_4 CGM_p77_24h_2_3_400 8 98 11015 301 301
80_1024_1_6_4 CGM_p77_24h_2_3_400 8 99 11161 304 304
80_1024_1_6_4 CGM_p77_24h_2_3_400 8 100 11069 307 307
80_1024_1_6_4 CGM_p77_24h_2_3_400 8 101 11057 310 310
80_1024_1_6_4 CGM_p77_24h_2_3_400 8 102 11172 313 313
80_1024_1_6_4 CGM_p77_24h_2_3_400 8 103 11213 316 316
80_1024_1_6_4 CGM_p77_24h_2_3_400 8 104 11161 319 319
80_1024_1_6_4 CGM_p77_24h_2_3_400 8 105 11170 322 322
80_1024_1_6_4 CGM_p77_24h_2_3_400 8 106 11066 325 325
80_1024_1_6_4 CGM_p77_24h_2_3_400 8 107 11154 328 328
80_1024_1_6_4 CGM_p77_24h_2_3_400 8 108 11215 331 331
80_1024_1_6_4 CGM_p77_24h_2_3_400 8 109 11297 334 334
80_1024_1_6_4 CGM_p77_24h_2_3_400 8 110 11175 337 337
80_1024_1_6_4 CGM_p77_24h_2_3_400 8 111 11197 340 340
80_1024_1_6_4 CGM_p77_24h_2_3_400 8 112 11117 343 343
80_1024_1_6_4 CGM_p77_24h_2_3_400 8 113 11235 346 346
80_1024_1_6_4 CGM_p77_24h_2_3_400 8 114 11218 349 349
80_1024_1_6_4 CGM_p77_24h_2_3_400 8 115 11166 352 352
80_1024_1_6_4 CGM_p77_24h_2_3_400 8 116 11200 355 355
80_1024_1_6_4 CGM_p77_24h_2_3_400 8 117 11190 358 358
80_1024_1_6_4 CGM_p77_24h_2_3_400 8 118 11145 361 361
80_1024_1_6_4 CGM_p77_24h_2_3_400 8 119 11185 364 364
80_1024_1_6_4 CGM_p77_24h_2_3_400 8 120 11241 367 367
80_1024_1_6_4 CGM_p77_24h_2_3_400 8 121 11228 370 370
80_1024_1_6_4 CGM_p77_24h_2_3_400 8 122 11067 373 373
80_1024_1_6_4 CGM_p77_24h_2_3_400 8 123 11153 376 376
80_1024_1_6_4 CGM_p77_24h_2_3_400 8 124 11176 379 379
80_1024_1_6_4 CGM_p77_24h_2_3_400 8 125 11129 382 382
80_1024_1_6_4 CGM_p77_24h_2_3_400 8 126 11200 385 385
80_1024_1_6_4 CGM_p77_24h_2_3_400 8 127 11228 388 388
80_1024_1_6_4 CGM_p77_24h_2_3_400 8 128 11193 391 391
80_1024_1_6_4 CGM_p77_24h_2_3_400 8 129 11293 394 394
80_1024_1_6_4 CGM_p77_24h_2_3_400 8 130 11307 397 397
80_1024_1_6_4 CGM_p77_24h_2_3_400 8 131 11392 400 400
80_1024_1_6_4 CGM_p77_24h_2_3_400 8 132 11214 403 403
80_1024_1_6_4 CGM_p77_24h_2_3_400 8 133 11208 406 406
80_1024_1_6_4 CGM_p77_24h_2_3_400 8 134 11095 409 409
80_1024_1_6_4 CGM_p77_24h_2_3_400 8 135 11143 412 412
80_1024_1_6_4 CGM_p77_24h_2_3_400 8 136 11129 415 415
80_1024_1_6_4 CGM_p77_24h_2_3_400 8 137 11246 418 418
80_1024_1_6_4 CGM_p77_24h_2_3_400 8 138 11073 421 421
80_1024_1_6_4 CGM_p77_24h_2_3_400 8 139 10915 424 424
80_1024_1_6_4 CGM_p77_24h_2_3_400 8 140 11151 427 427
80_1024_1_6_4 CGM_p77_24h_2_3_400 8 141 11230 430 430
80_1024_1_6_4 CGM_p77_24h_2_3_400 8 142 11087 433 433
80_1024_1_6_4 CGM_p77_24h_2_3_400 8 143 11083 436 436
80_1024_1_6_4 CGM_p77_24h_2_3_400 8 144 11033 439 439
80_1024_1_6_4 CGM_p77_24h_2_3_400 8 145 11361 442 442
80_1024_1_6_4 CGM_p77_24h_2_3_400 8 146 11257 445 445
80_1024_1_6_4 CGM_p77_24h_2_3_400 8 147 11208 448 448
80_1024_1_6_4 CGM_p77_24h_2_3_400 8 148 11228 451 451
80_1024_1_6_4 CGM_p77_24h_2_3_400 8 149 11234 454 454
80_1024_1_6_4 CGM_p77_24h_2_3_400 8 150 11137 457 457
80_1024_1_6_4 CGM_p77_24h_2_3_400 8 151 11241 460 460
80_1024_1_6_4 CGM_p77_24h_2_3_400 8 152 11152 463 463
80_1024_1_6_4 CGM_p77_24h_2_3_400 8 153 11149 466 466
80_1024_1_6_4 CGM_p77_24h_2_3_400 8 154 11214 469 469
80_1024_1_6_4 CGM_p77_24h_2_3_400 8 155 11070 472 472
80_1024_1_6_4 CGM_p77_24h_2_3_400 8 156 11075 475 475
80_1024_1_6_4 CGM_p77_24h_2_3_400 8 157 11066 478 478
80_1024_1_6_4 CGM_p77_24h_2_3_400 8 158 10975 481 481
80_1024_1_6_4 CGM_p77_24h_2_3_400 8 159 10987 484 484
80_1024_1_6_4 CGM_p77_24h_2_3_400 8 160 10918 487 487
80_1024_1_6_4 CGM_p77_24h_2_3_400 8 161 11119 490 490
80_1024_1_6_4 CGM_p77_24h_2_3_400 8 162 11220 493 493
80_1024_1_6_4 CGM_p77_24h_2_3_400 8 163 10963 496 496
80_1024_1_6_4 CGM_p77_24h_2_3_400 8 164 11106 499 499
80_1024_1_6_4 CGM_p77_24h_2_3_400 8 165 10889 502 502
80_1024_1_6_4 CGM_p77_24h_2_3_400 8 166 10919 505 505
80_1024_1_6_4 CGM_p77_24h_2_3_400 8 167 11277 508 508
80_1024_1_6_4 CGM_p77_24h_2_3_400 8 168 11123 511 511
80_1024_1_6_4 CGM_p77_24h_2_3_400 8 169 11064 514 514
80_1024_1_6_4 CGM_p77_24h_2_3_400 8 170 10973 517 517
80_1024_1_6_4 CGM_p77_24h_2_3_400 8 171 10975 520 520
80_1024_1_6_4 CGM_p77_24h_2_3_400 8 172 11146 523 523
80_1024_1_6_4 CGM_p77_24h_2_3_400 8 173 11115 526 526
80_1024_1_6_4 CGM_p77_24h_2_3_400 8 174 11207 529 529
80_1024_1_6_4 CGM_p77_24h_2_3_400 8 175 11190 532 532
80_1024_1_6_4 CGM_p77_24h_2_3_400 8 176 11126 535 535
80_1024_1_6_4 CGM_p77_24h_2_3_400 8 177 11084 538 538
80_1024_1_6_4 CGM_p77_24h_2_3_400 8 178 11121 541 541
80_1024_1_6_4 CGM_p77_24h_2_3_400 8 179 11124 544 544
80_1024_1_6_4 CGM_p77_24h_2_3_400 8 180 11015 547 547
80_1024_1_6_4 CGM_p77_24h_2_3_400 8 181 11165 550 550
80_1024_1_6_4 CGM_p77_24h_2_3_400 8 182 11160 553 553
80_1024_1_6_4 CGM_p77_24h_2_3_400 8 183 11244 556 556
80_1024_1_6_4 CGM_p77_24h_2_3_400 8 184 11015 559 559
80_1024_1_6_4 CGM_p77_24h_2_3_400 8 185 11029 562 562
80_1024_1_6_4 CGM_p77_24h_2_3_400 8 186 11068 565 565
80_1024_1_6_4 CGM_p77_24h_2_3_400 8 187 11035 568 568
80_1024_1_6_4 CGM_p77_24h_2_3_400 8 188 11196 571 571
80_1024_1_6_4 CGM_p77_24h_2_3_400 8 189 11275 574 574
80_1024_1_6_4 CGM_p77_24h_2_3_400 8 190 11143 577 577
80_1024_1_6_4 CGM_p77_24h_2_3_400 8 191 11248 580 580
80_1024_1_6_4 CGM_p77_24h_2_3_400 8 192 11252 583 583
80_1024_1_6_4 CGM_p77_24h_2_3_400 8 193 11061 586 586
80_1024_1_6_4 CGM_p77_24h_2_3_400 8 194 11149 589 589
80_1024_1_6_4 CGM_p77_24h_2_3_400 8 195 11263 592 592
80_1024_1_6_4 CGM_p77_24h_2_3_400 8 196 11247 595 595
80_1024_1_6_4 CGM_p77_24h_2_3_400 8 197 11191 598 598
80_1024_1_6_4 CGM_p77_24h_2_3_400 8 198 11263 601 601
80_1024_1_6_4 CGM_p77_24h_2_3_400 8 199 11263 604 604
80_1024_1_6_4 CGM_p77_24h_2_3_400 8 200 11017 607 607
80_1024_1_6_4 CGM_p77_24h_2_3_400 8 201 10987 610 610
80_1024_1_6_4 CGM_p77_24h_2_3_400 8 202 11023 613 613
80_1024_1_6_4 CGM_p77_24h_2_3_400 8 203 11168 616 616
80_1024_1_6_4 CGM_p77_24h_2_3_400 8 204 11242 619 619
80_1024_1_6_4 CGM_p77_24h_2_3_400 8 205 11337 622 622
80_1024_1_6_4 CGM_p77_24h_2_3_400 8 206 11266 625 625
80_1024_1_6_4 CGM_p77_24h_2_3_400 8 207 11229 628 628
80_1024_1_6_4 CGM_p77_24h_2_3_400 8 208 11199 631 631
80_1024_1_6_4 CGM_p77_24h_2_3_400 8 209 11187 634 634
80_1024_1_6_4 CGM_p77_24h_2_3_400 8 210 11212 637 637
80_1024_1_6_4 CGM_p77_24h_2_3_400 8 211 11245 640 640
80_1024_1_6_4 CGM_p77_24h_2_3_400 8 212 11266 643 643
80_1024_1_6_4 CGM_p77_24h_2_3_400 8 213 11234 646 646
80_1024_1_6_4 CGM_p77_24h_2_3_400 8 214 11223 649 649
80_1024_1_6_4 CGM_p77_24h_2_3_400 8 215 11261 652 652
80_1024_1_6_4 CGM_p77_24h_2_3_400 8 216 11206 655 655
80_1024_1_6_4 CGM_p77_24h_2_3_400 8 217 11203 658 658
80_1024_1_6_4 CGM_p77_24h_2_3_400 8 218 11353 661 661
80_1024_1_6_4 CGM_p77_24h_2_3_400 8 219 11175 664 664
80_1024_1_6_4 CGM_p77_24h_2_3_400 8 220 11241 667 667
80_1024_1_6_4 CGM_p77_24h_2_3_400 8 221 11260 670 670
80_1024_1_6_4 CGM_p77_24h_2_3_400 8 222 11220 673 673
80_1024_1_6_4 CGM_p77_24h_2_3_400 8 223 11161 676 676
80_1024_1_6_4 CGM_p77_24h_2_3_400 8 224 11083 679 679
80_1024_1_6_4 CGM_p77_24h_2_3_400 8 225 11213 682 682
80_1024_1_6_4 CGM_p77_24h_2_3_400 8 226 11350 685 685
80_1024_1_6_4 CGM_p77_24h_2_3_400 8 227 11232 688 688
80_1024_1_6_4 CGM_p77_24h_2_3_400 8 228 11164 691 691
80_1024_1_6_4 CGM_p77_24h_2_3_400 8 229 11228 694 694
80_1024_1_6_4 CGM_p77_24h_2_3_400 8 230 11207 697 697
80_1024_1_6_4 CGM_p77_24h_2_3_400 8 231 11251 700 700
80_1024_1_6_4 CGM_p77_24h_2_3_400 8 232 11280 703 703
80_1024_1_6_4 CGM_p77_24h_2_3_400 8 233 11270 706 706
80_1024_1_6_4 CGM_p77_24h_2_3_400 8 234 11149 709 709
80_1024_1_6_4 CGM_p77_24h_2_3_400 8 235 11154 712 712
80_1024_1_6_4 CGM_p77_24h_2_3_400 8 236 11255 715 715
80_1024_1_6_4 CGM_p77_24h_2_3_400 8 237 11422 718 718
80_1024_1_6_4 CGM_p77_24h_2_3_400 8 238 11327 721 721
80_1024_1_6_4 CGM_p77_24h_2_3_400 8 239 11262 724 724
80_1024_1_6_4 CGM_p77_24h_2_3_400 8 240 11229 727 727
80_1024_1_6_4 CGM_p77_24h_2_3_400 8 241 11207 730 730
80_1024_1_6_4 CGM_p77_24h_2_3_400 8 242 11207 733 733
80_1024_1_6_4 CGM_p77_24h_2_3_400 8 243 11142 736 736
80_1024_1_6_4 CGM_p77_24h_2_3_400 8 244 11069 739 739
80_1024_1_6_4 CGM_p77_24h_2_3_400 8 245 11363 742 742
80_1024_1_6_4 CGM_p77_24h_2_3_400 8 246 11173 745 745
80_1024_1_6_4 CGM_p77_24h_2_3_400 8 247 11240 748 748
80_1024_1_6_4 CGM_p77_24h_2_3_400 8 248 11333 751 751
80_1024_1_6_4 CGM_p77_24h_2_3_400 8 249 11188 754 754
80_1024_1_6_4 CGM_p77_24h_2_3_400 8 250 11288 757 757
80_1024_1_6_4 CGM_p77_24h_2_3_400 8 251 11131 760 760
80_1024_1_6_4 CGM_p77_24h_2_3_400 8 252 11097 763 763
80_1024_1_6_4 CGM_p77_24h_2_3_400 8 253 11337 766 766
80_1024_1_6_4 CGM_p77_24h_2_3_400 8 254 11202 769 769
80_1024_1_6_4 CGM_p77_24h_2_3_400 8 255 11265 772 772
80_1024_1_6_4 CGM_p77_24h_2_3_400 8 256 11254 775 775
80_1024_1_6_4 CGM_p77_24h_2_3_400 8 257 11239 778 778
80_1024_1_6_4 CGM_p77_24h_2_3_400 8 258 11239 781 781
80_1024_1_6_4 CGM_p77_24h_2_3_400 8 259 11140 784 784
80_1024_1_6_4 CGM_p77_24h_2_3_400 8 260 11194 787 787
80_1024_1_6_4 CGM_p77_24h_2_3_400 8 261 11185 790 790
80_1024_1_6_4 CGM_p77_24h_2_3_400 8 262 11253 793 793
80_1024_1_6_4 CGM_p77_24h_2_3_400 8 263 11199 796 796
80_1024_1_6_4 CGM_p77_24h_2_3_400 8 264 11106 799 799
80_1024_1_6_4 CGM_p77_24h_2_3_400 8 265 11483 802 802
80_1024_1_6_4 CGM_p77_24h_2_3_400 8 266 11390 805 805
80_1024_1_6_4 CGM_p77_24h_2_3_400 8 267 11185 808 808
80_1024_1_6_4 CGM_p77_24h_2_3_400 8 268 11195 811 811
80_1024_1_6_4 CGM_p77_24h_2_3_400 8 269 11313 814 814
80_1024_1_6_4 CGM_p77_24h_2_3_400 8 270 11241 817 817
80_1024_1_6_4 CGM_p77_24h_2_3_400 8 271 11285 820 820
80_1024_1_6_4 CGM_p77_24h_2_3_400 8 272 11263 823 823
80_1024_1_6_4 CGM_p77_24h_2_3_400 8 273 11186 826 826
80_1024_1_6_4 CGM_p77_24h_2_3_400 8 274 11284 829 829
80_1024_1_6_4 CGM_p77_24h_2_3_400 8 275 11206 832 832
80_1024_1_6_4 CGM_p77_24h_2_3_400 8 276 11225 835 835
80_1024_1_6_4 CGM_p77_24h_2_3_400 8 277 11274 838 838
80_1024_1_6_4 CGM_p77_24h_2_3_400 8 278 11180 841 841
80_1024_1_6_4 CGM_p77_24h_2_3_400 8 279 11128 844 844
80_1024_1_6_4 CGM_p77_24h_2_3_400 8 280 11187 847 847
80_1024_1_5_3 CGM_p77_24h_2_3_400 8 0 21065 7 7
80_1024_1_5_3 CGM_p77_24h_2_3_400 8 1 9020 10 10
80_1024_1_5_3 CGM_p77_24h_2_3_400 8 2 9069 13 13
80_1024_1_5_3 CGM_p77_24h_2_3_400 8 3 9089 16 16
80_1024_1_5_3 CGM_p77_24h_2_3_400 8 4 9052 19 19
80_1024_1_5_3 CGM_p77_24h_2_3_400 8 5 9061 22 22
80_1024_1_5_3 CGM_p77_24h_2_3_400 8 6 9075 25 25
80_1024_1_5_3 CGM_p77_24h_2_3_400 8 7 9039 28 28
80_1024_1_5_3 CGM_p77_24h_2_3_400 8 8 8952 31 31
80_1024_1_5_3 CGM_p77_24h_2_3_400 8 9 9062 34 34
80_1024_1_5_3 CGM_p77_24h_2_3_400 8 10 8933 37 37
80_1024_1_5_3 CGM_p77_24h_2_3_400 8 11 9055 40 40
80_1024_1_5_3 CGM_p77_24h_2_3_400 8 12 9102 43 43
80_1024_1_5_3 CGM_p77_24h_2_3_400 8 13 9041 46 46
80_1024_1_5_3 CGM_p77_24h_2_3_400 8 14 9010 49 49
80_1024_1_5_3 CGM_p77_24h_2_3_400 8 15 8947 52 52
80_1024_1_5_3 CGM_p77_24h_2_3_400 8 16 9044 55 55
80_1024_1_5_3 CGM_p77_24h_2_3_400 8 17 9014 58 58
80_1024_1_5_3 CGM_p77_24h_2_3_400 8 18 8911 61 61
80_1024_1_5_3 CGM_p77_24h_2_3_400 8 19 9006 64 64
80_1024_1_5_3 CGM_p77_24h_2_3_400 8 20 9041 67 67
80_1024_1_5_3 CGM_p77_24h_2_3_400 8 21 9039 70 70
80_1024_1_5_3 CGM_p77_24h_2_3_400 8 22 9142 73 73
80_1024_1_5_3 CGM_p77_24h_2_3_400 8 23 9015 76 76
80_1024_1_5_3 CGM_p77_24h_2_3_400 8 24 9036 79 79
80_1024_1_5_3 CGM_p77_24h_2_3_400 8 25 9055 82 82
80_1024_1_5_3 CGM_p77_24h_2_3_400 8 26 9118 85 85
80_1024_1_5_3 CGM_p77_24h_2_3_400 8 27 9001 88 88
80_1024_1_5_3 CGM_p77_24h_2_3_400 8 28 8967 91 91
80_1024_1_5_3 CGM_p77_24h_2_3_400 8 29 9027 94 94
80_1024_1_5_3 CGM_p77_24h_2_3_400 8 30 9049 97 97
80_1024_1_5_3 CGM_p77_24h_2_3_400 8 31 8998 100 100
80_1024_1_5_3 CGM_p77_24h_2_3_400 8 32 9013 103 103
80_1024_1_5_3 CGM_p77_24h_2_3_400 8 33 9009 106 106
80_1024_1_5_3 CGM_p77_24h_2_3_400 8 34 8978 109 109
80_1024_1_5_3 CGM_p77_24h_2_3_400 8 35 9046 112 112
80_1024_1_5_3 CGM_p77_24h_2_3_400 8 36 9082 115 115
80_1024_1_5_3 CGM_p77_24h_2_3_400 8 37 8974 118 118
80_1024_1_5_3 CGM_p77_24h_2_3_400 8 38 8866 121 121
80_1024_1_5_3 CGM_p77_24h_2_3_400 8 39 8832 124 124
80_1024_1_5_3 CGM_p77_24h_2_3_400 8 40 8893 127 127
80_1024_1_5_3 CGM_p77_24h_2_3_400 8 41 8895 130 130
80_1024_1_5_3 CGM_p77_24h_2_3_400 8 42 8986 133 133
80_1024_1_5_3 CGM_p77_24h_2_3_400 8 43 8978 136 136
80_1024_1_5_3 CGM_p77_24h_2_3_400 8 44 8969 139 139
80_1024_1_5_3 CGM_p77_24h_2_3_400 8 45 9020 142 142
80_1024_1_5_3 CGM_p77_24h_2_3_400 8 46 9153 145 145
80_1024_1_5_3 CGM_p77_24h_2_3_400 8 47 9050 148 148
80_1024_1_5_3 CGM_p77_24h_2_3_400 8 48 8980 151 151
80_1024_1_5_3 CGM_p77_24h_2_3_400 8 49 9062 154 154
80_1024_1_5_3 CGM_p77_24h_2_3_400 8 50 8940 157 157
80_1024_1_5_3 CGM_p77_24h_2_3_400 8 51 8893 160 160
80_1024_1_5_3 CGM_p77_24h_2_3_400 8 52 9082 163 163
80_1024_1_5_3 CGM_p77_24h_2_3_400 8 53 9018 166 166
80_1024_1_5_3 CGM_p77_24h_2_3_400 8 54 8984 169 169
80_1024_1_5_3 CGM_p77_24h_2_3_400 8 55 9096 172 172
80_1024_1_5_3 CGM_p77_24h_2_3_400 8 56 9085 175 175
80_1024_1_5_3 CGM_p77_24h_2_3_400 8 57 9001 178 178
80_1024_1_5_3 CGM_p77_24h_2_3_400 8 58 8866 181 181
80_1024_1_5_3 CGM_p77_24h_2_3_400 8 59 9036 184 184
80_1024_1_5_3 CGM_p77_24h_2_3_400 8 60 8970 187 187
80_1024_1_5_3 CGM_p77_24h_2_3_400 8 61 9044 190 190
80_1024_1_5_3 CGM_p77_24h_2_3_400 8 62 9097 193 193
80_1024_1_5_3 CGM_p77_24h_2_3_400 8 63 9048 196 196
80_1024_1_5_3 CGM_p77_24h_2_3_400 8 64 9007 199 199
80_1024_1_5_3 CGM_p77_24h_2_3_400 8 65 8950 202 202
80_1024_1_5_3 CGM_p77_24h_2_3_400 8 66 9018 205 205
80_1024_1_5_3 CGM_p77_24h_2_3_400 8 67 8998 208 208
80_1024_1_5_3 CGM_p77_24h_2_3_400 8 68 8984 211 211
80_1024_1_5_3 CGM_p77_24h_2_3_400 8 69 8959 214 214
80_1024_1_5_3 CGM_p77_24h_2_3_400 8 70 9018 217 217
80_1024_1_5_3 CGM_p77_24h_2_3_400 8 71 9005 220 220
80_1024_1_5_3 CGM_p77_24h_2_3_400 8 72 9112 223 223
80_1024_1_5_3 CGM_p77_24h_2_3_400 8 73 9087 226 226
80_1024_1_5_3 CGM_p77_24h_2_3_400 8 74 9069 229 229
80_1024_1_5_3 CGM_p77_24h_2_3_400 8 75 9217 232 232
80_1024_1_5_3 CGM_p77_24h_2_3_400 8 76 9083 235 235
80_1024_1_5_3 CGM_p77_24h_2_3_400 8 77 9093 238 238
80_1024_1_5_3 CGM_p77_24h_2_3_400 8 78 9248 241 241
80_1024_1_5_3 CGM_p77_24h_2_3_400 8 79 9049 244 244
80_1024_1_5_3 CGM_p77_24h_2_3_400 8 80 9120 247 247
80_1024_1_5_3 CGM_p77_24h_2_3_400 8 81 8950 250 250
80_1024_1_5_3 CGM_p77_24h_2_3_400 8 82 9006 253 253
80_1024_1_5_3 CGM_p77_24h_2_3_400 8 83 9252 256 256
80_1024_1_5_3 CGM_p77_24h_2_3_400 8 84 8955 259 259
80_1024_1_5_3 CGM_p77_24h_2_3_400 8 85 9126 262 262
80_1024_1_5_3 CGM_p77_24h_2_3_400 8 86 8935 265 265
80_1024_1_5_3 CGM_p77_24h_2_3_400 8 87 9044 268 268
80_1024_1_5_3 CGM_p77_24h_2_3_400 8 88 8896 271 271
80_1024_1_5_3 CGM_p77_24h_2_3_400 8 89 9072 274 274
80_1024_1_5_3 CGM_p77_24h_2_3_400 8 90 9008 277 277
80_1024_1_5_3 CGM_p77_24h_2_3_400 8 91 8990 280 280
80_1024_1_5_3 CGM_p77_24h_2_3_400 8 92 9069 283 283
80_1024_1_5_3 CGM_p77_24h_2_3_400 8 93 9070 286 286
80_1024_1_5_3 CGM_p77_24h_2_3_400 8 94 9017 289 289
80_1024_1_5_3 CGM_p77_24h_2_3_400 8 95 9002 292 292
80_1024_1_5_3 CGM_p77_24h_2_3_400 8 96 8911 295 295
80_1024_1_5_3 CGM_p77_24h_2_3_400 8 97 9056 298 298
80_1024_1_5_3 CGM_p77_24h_2_3_400 8 98 9049 301 301
80_1024_1_5_3 CGM_p77_24h_2_3_400 8 99 9106 304 304
80_1024_1_5_3 CGM_p77_24h_2_3_400 8 100 8915 307 307
80_1024_1_5_3 CGM_p77_24h_2_3_400 8 101 8768 310 310
80_1024_1_5_3 CGM_p77_24h_2_3_400 8 102 9032 313 313
80_1024_1_5_3 CGM_p77_24h_2_3_400 8 103 9018 316 316
80_1024_1_5_3 CGM_p77_24h_2_3_400 8 104 9023 319 319
80_1024_1_5_3 CGM_p77_24h_2_3_400 8 105 9081 322 322
80_1024_1_5_3 CGM_p77_24h_2_3_400 8 106 8991 325 325
80_1024_1_5_3 CGM_p77_24h_2_3_400 8 107 9054 328 328
80_1024_1_5_3 CGM_p77_24h_2_3_400 8 108 9106 331 331
80_1024_1_5_3 CGM_p77_24h_2_3_400 8 109 9058 334 334
80_1024_1_5_3 CGM_p77_24h_2_3_400 8 110 9042 337 337
80_1024_1_5_3 CGM_p77_24h_2_3_400 8 111 9001 340 340
80_1024_1_5_3 CGM_p77_24h_2_3_400 8 112 9169 343 343
80_1024_1_5_3 CGM_p77_24h_2_3_400 8 113 9069 346 346
80_1024_1_5_3 CGM_p77_24h_2_3_400 8 114 9017 349 349
80_1024_1_5_3 CGM_p77_24h_2_3_400 8 115 9067 352 352
80_1024_1_5_3 CGM_p77_24h_2_3_400 8 116 9039 355 355
80_1024_1_5_3 CGM_p77_24h_2_3_400 8 117 9074 358 358
80_1024_1_5_3 CGM_p77_24h_2_3_400 8 118 9059 361 361
80_1024_1_5_3 CGM_p77_24h_2_3_400 8 119 9132 364 364
80_1024_1_5_3 CGM_p77_24h_2_3_400 8 120 9128 367 367
80_1024_1_5_3 CGM_p77_24h_2_3_400 8 121 9106 370 370
80_1024_1_5_3 CGM_p77_24h_2_3_400 8 122 9069 373 373
80_1024_1_5_3 CGM_p77_24h_2_3_400 8 123 9114 376 376
80_1024_1_5_3 CGM_p77_24h_2_3_400 8 124 9144 379 379
80_1024_1_5_3 CGM_p77_24h_2_3_400 8 125 9124 382 382
80_1024_1_5_3 CGM_p77_24h_2_3_400 8 126 9096 385 385
80_1024_1_5_3 CGM_p77_24h_2_3_400 8 127 9115 388 388
80_1024_1_5_3 CGM_p77_24h_2_3_400 8 128 9234 391 391
80_1024_1_5_3 CGM_p77_24h_2_3_400 8 129 9151 394 394
80_1024_1_5_3 CGM_p77_24h_2_3_400 8 130 9059 397 397
80_1024_1_5_3 CGM_p77_24h_2_3_400 8 131 9101 400 400
80_1024_1_5_3 CGM_p77_24h_2_3_400 8 132 9109 403 403
80_1024_1_5_3 CGM_p77_24h_2_3_400 8 133 9153 406 406
80_1024_1_5_3 CGM_p77_24h_2_3_400 8 134 8971 409 409
80_1024_1_5_3 CGM_p77_24h_2_3_400 8 135 9030 412 412
80_1024_1_5_3 CGM_p77_24h_2_3_400 8 136 9020 415 415
80_1024_1_5_3 CGM_p77_24h_2_3_400 8 137 9045 418 418
80_1024_1_5_3 CGM_p77_24h_2_3_400 8 138 9046 421 421
80_1024_1_5_3 CGM_p77_24h_2_3_400 8 139 9175 424 424
80_1024_1_5_3 CGM_p77_24h_2_3_400 8 140 9157 427 427
80_1024_1_5_3 CGM_p77_24h_2_3_400 8 141 9159 430 430
80_1024_1_5_3 CGM_p77_24h_2_3_400 8 142 9146 433 433
80_1024_1_5_3 CGM_p77_24h_2_3_400 8 143 9112 436 436
80_1024_1_5_3 CGM_p77_24h_2_3_400 8 144 9090 439 439
80_1024_1_5_3 CGM_p77_24h_2_3_400 8 145 9179 442 442
80_1024_1_5_3 CGM_p77_24h_2_3_400 8 146 9030 445 445
80_1024_1_5_3 CGM_p77_24h_2_3_400 8 147 9039 448 448
80_1024_1_5_3 CGM_p77_24h_2_3_400 8 148 9115 451 451
80_1024_1_5_3 CGM_p77_24h_2_3_400 8 149 9032 454 454
80_1024_1_5_3 CGM_p77_24h_2_3_400 8 150 8925 457 457
80_1024_1_5_3 CGM_p77_24h_2_3_400 8 151 8997 460 460
80_1024_1_5_3 CGM_p77_24h_2_3_400 8 152 9132 463 463
80_1024_1_5_3 CGM_p77_24h_2_3_400 8 153 9154 466 466
80_1024_1_5_3 CGM_p77_24h_2_3_400 8 154 9058 469 469
80_1024_1_5_3 CGM_p77_24h_2_3_400 8 155 9080 472 472
80_1024_1_5_3 CGM_p77_24h_2_3_400 8 156 9130 475 475
80_1024_1_5_3 CGM_p77_24h_2_3_400 8 157 9125 478 478
80_1024_1_5_3 CGM_p77_24h_2_3_400 8 158 9330 481 481
80_1024_1_5_3 CGM_p77_24h_2_3_400 8 159 9269 484 484
80_1024_1_5_3 CGM_p77_24h_2_3_400 8 160 8873 487 487
80_1024_1_5_3 CGM_p77_24h_2_3_400 8 161 9150 490 490
80_1024_1_5_3 CGM_p77_24h_2_3_400 8 162 9200 493 493
80_1024_1_5_3 CGM_p77_24h_2_3_400 8 163 8988 496 496
80_1024_1_5_3 CGM_p77_24h_2_3_400 8 164 8944 499 499
80_1024_1_5_3 CGM_p77_24h_2_3_400 8 165 9038 502 502
80_1024_1_5_3 CGM_p77_24h_2_3_400 8 166 9027 505 505
80_1024_1_5_3 CGM_p77_24h_2_3_400 8 167 8916 508 508
80_1024_1_5_3 CGM_p77_24h_2_3_400 8 168 8926 511 511
80_1024_1_5_3 CGM_p77_24h_2_3_400 8 169 9080 514 514
80_1024_1_5_3 CGM_p77_24h_2_3_400 8 170 9052 517 517
80_1024_1_5_3 CGM_p77_24h_2_3_400 8 171 9053 520 520
80_1024_1_5_3 CGM_p77_24h_2_3_400 8 172 9105 523 523
80_1024_1_5_3 CGM_p77_24h_2_3_400 8 173 9360 526 526
80_1024_1_5_3 CGM_p77_24h_2_3_400 8 174 9053 529 529
80_1024_1_5_3 CGM_p77_24h_2_3_400 8 175 8933 532 532
80_1024_1_5_3 CGM_p77_24h_2_3_400 8 176 8826 535 535
80_1024_1_5_3 CGM_p77_24h_2_3_400 8 177 8798 538 538
80_1024_1_5_3 CGM_p77_24h_2_3_400 8 178 8812 541 541
80_1024_1_5_3 CGM_p77_24h_2_3_400 8 179 8791 544 544
80_1024_1_5_3 CGM_p77_24h_2_3_400 8 180 8773 547 547
80_1024_1_5_3 CGM_p77_24h_2_3_400 8 181 8732 550 550
80_1024_1_5_3 CGM_p77_24h_2_3_400 8 182 8821 553 553
80_1024_1_5_3 CGM_p77_24h_2_3_400 8 183 8792 556 556
80_1024_1_5_3 CGM_p77_24h_2_3_400 8 184 8798 559 559
80_1024_1_5_3 CGM_p77_24h_2_3_400 8 185 8827 562 562
80_1024_1_5_3 CGM_p77_24h_2_3_400 8 186 8875 565 565
80_1024_1_5_3 CGM_p77_24h_2_3_400 8 187 8833 568 568
80_1024_1_5_3 CGM_p77_24h_2_3_400 8 188 8806 571 571
80_1024_1_5_3 CGM_p77_24h_2_3_400 8 189 8835 574 574
80_1024_1_5_3 CGM_p77_24h_2_3_400 8 190 8955 577 577
80_1024_1_5_3 CGM_p77_24h_2_3_400 8 191 8923 580 580
80_1024_1_5_3 CGM_p77_24h_2_3_400 8 192 8924 583 583
80_1024_1_5_3 CGM_p77_24h_2_3_400 8 193 8802 586 586
80_1024_1_5_3 CGM_p77_24h_2_3_400 8 194 8734 589 589
80_1024_1_5_3 CGM_p77_24h_2_3_400 8 195 8860 592 592
80_1024_1_5_3 CGM_p77_24h_2_3_400 8 196 8737 595 595
80_1024_1_5_3 CGM_p77_24h_2_3_400 8 197 8900 598 598
80_1024_1_5_3 CGM_p77_24h_2_3_400 8 198 8819 601 601
80_1024_1_5_3 CGM_p77_24h_2_3_400 8 199 8928 604 604
80_1024_1_5_3 CGM_p77_24h_2_3_400 8 200 8937 607 607
80_1024_1_5_3 CGM_p77_24h_2_3_400 8 201 8879 610 610
80_1024_1_5_3 CGM_p77_24h_2_3_400 8 202 8875 613 613
80_1024_1_5_3 CGM_p77_24h_2_3_400 8 203 8925 616 616
80_1024_1_5_3 CGM_p77_24h_2_3_400 8 204 8837 619 619
80_1024_1_5_3 CGM_p77_24h_2_3_400 8 205 8872 622 622
80_1024_1_5_3 CGM_p77_24h_2_3_400 8 206 8796 625 625
80_1024_1_5_3 CGM_p77_24h_2_3_400 8 207 8716 628 628
80_1024_1_5_3 CGM_p77_24h_2_3_400 8 208 8791 631 631
80_1024_1_5_3 CGM_p77_24h_2_3_400 8 209 8724 634 634
80_1024_1_5_3 CGM_p77_24h_2_3_400 8 210 8703 637 637
80_1024_1_5_3 CGM_p77_24h_2_3_400 8 211 8753 640 640
80_1024_1_5_3 CGM_p77_24h_2_3_400 8 212 8689 643 643
80_1024_1_5_3 CGM_p77_24h_2_3_400 8 213 8692 646 646
80_1024_1_5_3 CGM_p77_24h_2_3_400 8 214 8722 649 649
80_1024_1_5_3 CGM_p77_24h_2_3_400 8 215 8660 652 652
80_1024_1_5_3 CGM_p77_24h_2_3_400 8 216 8696 655 655
80_1024_1_5_3 CGM_p77_24h_2_3_400 8 217 8764 658 658
80_1024_1_5_3 CGM_p77_24h_2_3_400 8 218 8808 661 661
80_1024_1_5_3 CGM_p77_24h_2_3_400 8 219 8782 664 664
80_1024_1_5_3 CGM_p77_24h_2_3_400 8 220 8755 667 667
80_1024_1_5_3 CGM_p77_24h_2_3_400 8 221 8823 670 670
80_1024_1_5_3 CGM_p77_24h_2_3_400 8 222 8944 673 673
80_1024_1_5_3 CGM_p77_24h_2_3_400 8 223 8945 676 676
80_1024_1_5_3 CGM_p77_24h_2_3_400 8 224 8934 679 679
80_1024_1_5_3 CGM_p77_24h_2_3_400 8 225 8869 682 682
80_1024_1_5_3 CGM_p77_24h_2_3_400 8 226 8955 685 685
80_1024_1_5_3 CGM_p77_24h_2_3_400 8 227 8826 688 688
80_1024_1_5_3 CGM_p77_24h_2_3_400 8 228 8787 691 691
80_1024_1_5_3 CGM_p77_24h_2_3_400 8 229 8957 694 694
80_1024_1_5_3 CGM_p77_24h_2_3_400 8 230 8836 697 697
80_1024_1_5_3 CGM_p77_24h_2_3_400 8 231 8843 700 700
80_1024_1_5_3 CGM_p77_24h_2_3_400 8 232 8787 703 703
80_1024_1_5_3 CGM_p77_24h_2_3_400 8 233 8942 706 706
80_1024_1_5_3 CGM_p77_24h_2_3_400 8 234 8972 709 709
80_1024_1_5_3 CGM_p77_24h_2_3_400 8 235 8875 712 712
80_1024_1_5_3 CGM_p77_24h_2_3_400 8 236 8896 715 715
80_1024_1_5_3 CGM_p77_24h_2_3_400 8 237 8867 718 718
80_1024_1_5_3 CGM_p77_24h_2_3_400 8 238 8927 721 721
80_1024_1_5_3 CGM_p77_24h_2_3_400 8 239 8964 724 724
80_1024_1_5_3 CGM_p77_24h_2_3_400 8 240 8905 727 727
80_1024_1_5_3 CGM_p77_24h_2_3_400 8 241 8882 730 730
80_1024_1_5_3 CGM_p77_24h_2_3_400 8 242 8864 733 733
80_1024_1_5_3 CGM_p77_24h_2_3_400 8 243 8901 736 736
80_1024_1_5_3 CGM_p77_24h_2_3_400 8 244 8844 739 739
80_1024_1_5_3 CGM_p77_24h_2_3_400 8 245 8786 742 742
80_1024_1_5_3 CGM_p77_24h_2_3_400 8 246 8910 745 745
80_1024_1_5_3 CGM_p77_24h_2_3_400 8 247 8766 748 748
80_1024_1_5_3 CGM_p77_24h_2_3_400 8 248 8911 751 751
80_1024_1_5_3 CGM_p77_24h_2_3_400 8 249 8901 754 754
80_1024_1_5_3 CGM_p77_24h_2_3_400 8 250 8914 757 757
80_1024_1_5_3 CGM_p77_24h_2_3_400 8 251 8949 760 760
80_1024_1_5_3 CGM_p77_24h_2_3_400 8 252 8834 763 763
80_1024_1_5_3 CGM_p77_24h_2_3_400 8 253 8876 766 766
80_1024_1_5_3 CGM_p77_24h_2_3_400 8 254 8844 769 769
80_1024_1_5_3 CGM_p77_24h_2_3_400 8 255 8875 772 772
80_1024_1_5_3 CGM_p77_24h_2_3_400 8 256 8887 775 775
80_1024_1_5_3 CGM_p77_24h_2_3_400 8 257 8918 778 778
80_1024_1_5_3 CGM_p77_24h_2_3_400 8 258 8948 781 781
80_1024_1_5_3 CGM_p77_24h_2_3_400 8 259 8861 784 784
80_1024_1_5_3 CGM_p77_24h_2_3_400 8 260 8959 787 787
80_1024_1_5_3 CGM_p77_24h_2_3_400 8 261 8889 790 790
80_1024_1_5_3 CGM_p77_24h_2_3_400 8 262 8929 793 793
80_1024_1_5_3 CGM_p77_24h_2_3_400 8 263 8834 796 796
80_1024_1_5_3 CGM_p77_24h_2_3_400 8 264 8734 799 799
80_1024_1_5_3 CGM_p77_24h_2_3_400 8 265 8711 802 802
80_1024_1_5_3 CGM_p77_24h_2_3_400 8 266 8927 805 805
80_1024_1_5_3 CGM_p77_24h_2_3_400 8 267 8937 808 808
80_1024_1_5_3 CGM_p77_24h_2_3_400 8 268 8871 811 811
80_1024_1_5_3 CGM_p77_24h_2_3_400 8 269 8820 814 814
80_1024_1_5_3 CGM_p77_24h_2_3_400 8 270 8803 817 817
80_1024_1_5_3 CGM_p77_24h_2_3_400 8 271 8814 820 820
80_1024_1_5_3 CGM_p77_24h_2_3_400 8 272 8700 823 823
80_1024_1_5_3 CGM_p77_24h_2_3_400 8 273 8879 826 826
80_1024_1_5_3 CGM_p77_24h_2_3_400 8 274 8832 829 829
80_1024_1_5_3 CGM_p77_24h_2_3_400 8 275 8857 832 832
80_1024_1_5_3 CGM_p77_24h_2_3_400 8 276 8871 835 835
80_1024_1_5_3 CGM_p77_24h_2_3_400 8 277 8963 838 838
80_1024_1_5_3 CGM_p77_24h_2_3_400 8 278 8991 841 841
80_1024_1_5_3 CGM_p77_24h_2_3_400 8 279 8926 844 844
80_1024_1_5_3 CGM_p77_24h_2_3_400 8 280 8980 847 847
